creature
gravity -80.0
springDampeningConst -0.3
viscousDampeningConst 1.0
floorFriction 0.5
ballRadius 10.0
massBall 200.0 200.0 25.0
massBall 200.0 150.0 25.0
massBall 235.36 164.64 25.0
massBall 250.0 200.0 25.0
massBall 235.36 235.36 25.0
massBall 200.0 250.0 25.0
massBall 164.64 235.36 25.0
massBall 150.0 200.0 25.0
massBall 164.64 164.64 25.0
spring 51.0 50.0 1.4658512 8.490428 0 1
spring 51.0 50.0 0.613545 -5.144882 0 2
spring 51.0 50.0 0.43640894 -1.8327756 0 3
spring 51.0 50.0 0.15408498 9.9700365 0 4
spring 51.0 50.0 1.3253655 17.139652 0 5
spring 51.0 50.0 0.76074946 -3.150476 0 6
spring 51.0 50.0 0.15588832 0.07700729 0 7
spring 51.0 50.0 0.19957346 -9.747003 0 8
spring 80.0 38.27 0.24897751 7.162117 1 2
spring 80.0 38.27 -0.34282166 6.3701134 2 3
spring 80.0 38.27 -0.20423354 -5.168094 3 4
spring 80.0 38.27 -0.27304953 16.311878 4 5
spring 80.0 38.27 0.06724744 5.280815 5 6
spring 80.0 38.27 0.045991782 -3.5667071 6 7
spring 80.0 38.27 0.010473251 -2.1394186 7 8
spring 80.0 38.27 0.03751631 9.817423 8 1
createCreature
